// Generado por scripts/08_build_charts_data.py (repo chequeo-elo-hidalgo)
// Universo: solo miembros FIFA (219). Series anuales hasta 2025 (2026
// esta a medio jugar); totales historicos hasta jun-2026. Confederacion
// vigente en la fecha de cada partido. NO editar a mano.
const DATA_CHORD = {"confs":["CONMEBOL","UEFA","CONCACAF","CAF","AFC","OFC"],"historia":[[2579,1059,894,177,305,47],[1059,14171,723,709,1085,99],[894,723,4622,144,304,49],[177,709,144,9573,864,58],[305,1085,304,864,8354,299],[47,99,49,58,299,866]],"reciente":[[1244,549,703,161,264,41],[549,8144,500,493,809,71],[703,500,3234,125,254,32],[161,493,125,6799,594,29],[264,809,254,594,5797,137],[41,71,32,29,137,566]]};
